1000 0.10835395594815037
5000 0.11295848672830631
30 0.056013586330612083
5 0.13423600305197755
1 0.024606820380387452
3500 0.1723642314779995
2500 0.13686011364416648
1500 0.13941556095981208
4 0.03443202862452163
14 0.06872000373982164
31 0.08039084504413903
128 0.16076174056002668
12 0.04860357220794004
32 0.19474558561226382
6 0.11198769167216928
2 0.029607159978890813
10 0.04004356046999231
16 0.12110140423285998
24 0.07852645810378468
U9 0.20396046361159106
U11 0.20396046361159106
8 0.045682651605451666
