3 0.026840641141406503
26 0.023443015050976096
03333 0.04286125684591407
HK 0.023483368081953716
2017 0.05410985189104077
5 0.02115676135058342
009 0.039923103888608535
6 0.03137819380186386
2016 0.13873281103801122
34 0.019984442199898755
2 0.037330766929905806
029 0.04286125684591407
9 0.0496941544371789
12 0.020427588319279148
960 0.04286125684591407
19 0.01613024630885656
1 0.03619698940013517
122 0.037838451189682584
594 0.04286125684591407
88 0.022770034220988118
405 0.08572251369182814
94 0.04747530601624469
7 0.018836709099925828
A 0.11307249739407026
14 0.014441160206194403
000029 0.08572251369182814
SZ 0.07567690237936517
10 0.008414951113259253
11 0.01138440596291636
1300 0.06392429055014301
4252 0.04286125684591407
2021 0.03622146893378251
31 0.016893728306377042
8 0.019199955022581136
300 0.02212067075222227
2019 0.022547051187171065
880 0.03622146893378251
4500 0.04286125684591407
5000 0.023737653008122344
5500 0.10866440680134752
2018 0.03441929350793626
50 0.014441160206194403
13 0.014229055986628365
0 0.03265337285642405
110 0.031198663277551025
47 0.0207995000508168
48 0.01953606970918798
023 0.04286125684591407
15 0.012179325653180306
6000 0.034900298232377044
7000 0.06756652864117065
8000 0.057520917328707656
2877 0.04286125684591407
5336 0.04286125684591407
4104 0.04286125684591407
1711 0.04286125684591407
766 0.04286125684591407
226 0.04286125684591407
7131 0.04286125684591407
57 0.02427466729909134
2374 0.04286125684591407
1889 0.04286125684591407
5394 0.04286125684591407
41 0.023237704664013998
2371 0.039923103888608535
600 0.024558875365419463
2020 0.04509410237434213
1500 0.02929747295532283
+ 0.019984442199898755
iMarkets 0.019113831244521488
