3 0.037414227045596944
28 0.07282751533045821
24 0.20702429863725055
26 0.07352581993260685
9 0.04156238371109508
53 0.04625231157282838
154 0.07297335084951564
92# 0.08961899158691124
0# 0.08961899158691124
0 0.09103364553912159
12 0.04271223012212913
13 0.029751662517495673
50L 0.08961899158691124
6 0.03280447533831222
27 0.016768824465929696
64 0.08626668210916741
61 0.0438549781604815
155 0.07911676157842723
4 0.015129224698653444
5 0.029491243094752647
7 0.039385846299844915
33 0.03783525395640569
65 0.07993056702254439
55 0.039965283511272195
50 0.030195153158406478
2018 0.08995951712301523
14 0.030195153158406478
2 0.026018413314782836
190 0.07573579867972706
185 0.08347558085799966
170 0.07911676157842723
160 0.06682994012060406
1 0.021624175485795035
60 0.03335274815199748
180 0.05909015794233147
175 0.07911676157842723
iMarkets 0.039965283511272195
