5SMA 0.13144118766080315
3 0.036582799777917015
14 0.0442862246323295
66 0.3271598865740489
55 0.05861574914986589
65 0.11723149829973178
00 0.06486935935960335
OPEC 0.20126929260516674
10 0.051611700161323416
20 0.03324472970976764
22 0.09729600077775508
64 0.06326223354672277
03 0.13965620988872715
63 0.06378513348917153
67 0.06486935935960335
8 0.029439931034624407
60 0.04891736395626297
26 0.03594595641149668
38 0.06432063463537287
2018 0.026388125022751136
1 0.015857728689583024
25 0.039021563586143775
72 0.06486935935960335
2014 0.05307762044711067
11 0.03491217828627684
21 0.04612002515872958
77 0.0720156621179914
95 0.0691442903073246
FX168 0.1297387187192067
17 0.048118874862350454
46 0.06486935935960335
iMarkets 0.05861574914986589
