10 0.04466397129345296
72 0.11227389119931348
300 0.11740971399256435
H1N1 0.22749436325908237
H7N9 0.22749436325908237
28 0.09243492330404311
7 0.04998972799595701
62 0.11967281014729257
79 0.14090621715883256
5 0.037431193158724514
1 0.08233820665745033
88 0.12085633548062925
21 0.07982312046703197
84 0.12884246489517712
6 0.12490934840357344
56 0.12207743926195927
4 0.03840495500427413
8 0.05095372679069609
25 0.06753732159140269
50 0.0766492349405703
2020 0.11967281014729257
iMarkets 0.10145033506707558
