2017 0.14853301115840845
300 0.038641171693755354
390 0.06609754764779996
88 0.039775502816409625
57 0.08480769841201531
91 0.050239788552921875
21 0.02627090040687128
1770 0.07487156259159672
58 0.03663833618470606
39 0.04192612353533871
6 0.01370313526790257
97 0.039385988149741855
2010 0.043417048037318245
2011 0.042403849206007656
4 0.037918816333333945
2013 0.0687640589160876
8 0.016769580969089853
3000 0.04102157968746346
2014 0.030234087596455444
2016 0.06609365220913309
6928 0.07487156259159672
55 0.03338871787017677
9325 0.07487156259159672
81 0.043417048037318245
1 0.027098650292325423
10 0.02939906971214625
2524 0.07487156259159672
18 0.025737843630287395
3176 0.07487156259159672
84 0.08480769841201531
3412 0.07487156259159672
76 0.04102157968746346
3413 0.07487156259159672
150 0.04510731883003372
12 0.035683635291905345
7 0.049356946628919575
67 0.036950900901039876
5 0.01231912686236503
324 0.07487156259159672
6500 0.07487156259159672
31 0.059021126741266625
47 0.03633330388623694
ATM 0.20921727860612574
2 0.010868451131491564
28 0.030421620327912922
64 0.03603544948863955
35 0.031818431178151724
784 0.07487156259159672
1368 0.07487156259159672
27 0.014009397655080504
3 0.005209575917741347
36 0.035744442928833234
iMarkets 0.03338871787017677
