3 0.03919585690491108
15 0.040017784289021
12 0.033559609381672885
1 0.06796169438392724
21 0.049414312670067406
25 0.04180881812801118
2 0.06132911709913097
23 0.041623529069867014
6 0.02577494490867388
5 0.0695150730090598
2014 0.17060663715142713
14 0.047449526391781606
2015 0.05329887554354917
72 0.06950288502814643
9 0.06531231726029225
17 0.05155593735251834
4 0.04754899191005368
53 0.07268220390015888
8 0.06308556650276659
40 0.048411658256969144
2017 0.05079700381607908
2016 0.04143967082953582
2018 0.028272991095804785
500 0.06723359503280536
+ 0.06566316722823876
iMarkets 0.0628025883748563
