20 0.05158664954963944
23 0.030141176223007153
2017 0.16552816760756806
2018 0.02047354527627243
4 0.03443202862452163
8 0.022841325802725833
19 0.038378861907279405
9 0.047295126291935774
11 0.10834813950913501
16 0.06055070211642999
6 0.018664615278694882
2016 0.06001607499450016
33 0.04305390967453061
12 0.04860357220794004
4218 0.10198023180579553
200 0.051673839873307974
70 0.04547773640937871
500 0.09737279280613191
1000 0.05417697797407518
LNG 0.27008825504359635
2 0.014803579989445407
3 0.021287405043184465
30 0.028006793165306042
5 0.016779500381497194
10 0.020021780234996154
1 0.012303410190193726
224 0.09498945407979272
8400 0.08618211573899975
2500 0.06843005682208324
350 0.08038087028001334
6850 0.10198023180579553
24 0.03926322905189234
2286 0.10198023180579553
1500 0.06970778047990604
120 0.0640970494379297
iMarkets 0.04547773640937871
