原 0.0007754296023609787
标题 0.0007754296023609787
Deltastock 0.2211160166256501
欧元 0.05365104686005081
日元 0.06057392140765631
英镑 0.06190960297741603
交易 0.015440874464437626
策略 0.024136905930476054
美元 0.04692130912613257
4 0.027996135423676464
小时 0.07395444986198033
图 0.07094756583337479
来源 0.053737927375708684
日 0.032914613604480024
内阻 0.1658370124692376
阻力 0.16959710393495195
1 0.10670621174298857
2390 0.04501159958942086
2460 0.10297922124538275
本周 0.16095314058015245
2560 0.05527900415641253
支撑 0.12142145993303385
2290 0.05527900415641253
2240 0.04671553937254192
2160 0.05527900415641253
2090 0.05527900415641253
105 0.06490666185732592
90 0.026825523430025405
106 0.035844971056600984
60 0.020572723159176014
108 0.04023752833927141
30 0.045543757109936925
110 0.04023752833927141
40 0.019002706979371065
20 0.013981428382612559
104 0.06847778777812423
102 0.03934677899530575
50 0.01862504774256848
4280 0.14640297936942606
4340 0.05527900415641253
4075 0.051489610622691376
3910 0.05527900415641253
3710 0.05527900415641253
3620 0.05527900415641253
责任 0.0007754296023609787
责任编辑 0.0007754296023609787
编辑 0.0007754296023609787
