3166 0.2677798084192921
65 0.13526711342276743
1 0.05489213777163355
05 0.175894707433238
10775 0.2677798084192921
71 0.175894707433238
2 0.06604674149137181
00 0.14969852159908462
3 0.04221092282067347
5G 0.25633654937753775
2270 0.15166290883938824
85 0.08309499475152853
3133 0.14126636760584557
18 0.052135631969043694
1844 0.13388990420964605
69 0.07755081248307633
60 0.0564431122572265
6 0.05551526595714375
2017 0.02735223282404258
IPO 0.087947353716619
A 0.06668378051445169
ST 0.13388990420964605
22 0.05613230814101254
iMarkets 0.06763355671138371
