FX168 0.21623119786534445
G10 0.40810283975022055
ING 0.21906864610133855
30 0.060162740873620384
500 0.10458559227325279
600 0.12552314075658835
2 0.03180028294029013
PCE 0.19339652830282208
1 0.07928864344791511
6 0.040094358746826035
100 0.07767189328811988
90 0.10630855581528587
CPI 0.1851319523282217
105 0.12861134849507175
102 0.15592982787028575
50 0.07381037438721583
GDP 0.12861134849507175
4250 0.21906864610133855
4300 0.1851319523282217
0 0.05563167227390764
77 0.12002610352998566
TIER 0.1677244105043056
iMarkets 0.09769291524977648
