3 0.008946880380468834
26 0.035164522576464144
000895 0.1285837705377422
SZ 0.11351535356904775
2017 0.18551949219785405
504 0.11976931166582559
47 0.0623985001524504
2 0.018665383464952903
65 0.05734149373356445
43 0.0663620122566668
19 0.09678147785313936
1 0.015512995457200784
95 0.06764115356151319
175 0.11351535356904775
2016 0.07567244238436976
1426 0.1285837705377422
96 0.06831010266296436
15 0.03653797695954092
54 0.0663620122566668
310 0.1285837705377422
29 0.05324168569426989
4 0.06512144544203004
58 0.0629223599693865
304 0.23953862333165118
07 0.1491281215194844
11 0.06830643577749816
85 0.07045010424586115
17 0.04707281236534283
0 0.03265337285642405
2018 0.025814470130952196
+ 0.05995332659969626
iMarkets 0.05734149373356445
